iteration error_rho error_v error_T
1 0.0260469 0.0216423 0.0311097
2 0.0120531 0.0112221 0.00710433
3 0.0080897 0.00825859 0.00303225
4 0.00608893 0.00684162 0.00147909
5 0.00497912 0.00604835 0.00094082
6 0.00432319 0.00552727 0.000856851
7 0.00391096 0.00513794 0.00087622
8 0.00363188 0.0048242 0.000887382
9 0.00342536 0.00456501 0.000879487
10 0.00325789 0.0043533 0.000860357
11 0.00310819 0.0041795 0.000838412
12 0.00296954 0.00404622 0.000817383
13 0.00283992 0.00395096 0.000799958
14 0.00271951 0.00388614 0.000787695
15 0.00261011 0.0038431 0.000781048
16 0.0025141 0.0038133 0.000779764
17 0.00243364 0.00378952 0.000783167
18 0.00237006 0.00376657 0.000790381
19 0.00232362 0.00374156 0.000800467
20 0.00229351 0.00371336 0.000812575
21 0.00227805 0.00368231 0.000826
22 0.0022749 0.00364945 0.00084018
23 0.00228136 0.00361592 0.000854681
24 0.00229463 0.00358267 0.000869153
25 0.00231193 0.00355016 0.0008833
26 0.00233067 0.00351872 0.000896846
27 0.00234844 0.00348871 0.000909513
28 0.00236313 0.00346065 0.00092103
29 0.0023729 0.00343557 0.000931148
30 0.00237629 0.00341484 0.000939655
31 0.00237218 0.0033999 0.000946406
32 0.00235991 0.00339197 0.000951337
33 0.00233931 0.00339191 0.000954477
34 0.00231055 0.00339996 0.000955931
35 0.00227425 0.00341536 0.000955845
36 0.00223132 0.00343684 0.000954356
37 0.00218297 0.00346299 0.000951635
38 0.00213051 0.00349197 0.000947813
39 0.00207529 0.00352184 0.000942964
40 0.00201851 0.00355092 0.0009371
41 0.0019612 0.00357797 0.000930164
42 0.00190416 0.00360298 0.000922061
43 0.00184802 0.00362654 0.000912693
44 0.00179318 0.00364998 0.000901962
45 0.00173988 0.00367565 0.000889786
46 0.00168833 0.00370653 0.000876146
47 0.00163867 0.00374582 0.000861076
48 0.00159102 0.00379641 0.00084467
49 0.00154547 0.00386076 0.000827075
50 0.00150216 0.00394037 0.000808509
51 0.00146128 0.0040355 0.000789251
52 0.00142304 0.00414498 0.000769608
53 0.00138763 0.00426659 0.000749923
54 0.00135527 0.00439745 0.000730562
55 0.00132619 0.00453437 0.000711884
56 0.00130053 0.004674 0.000694212
57 0.00127835 0.00481321 0.000677818
58 0.00125965 0.00494942 0.000662907
59 0.00124433 0.0050804 0.000649594
60 0.00123221 0.00520407 0.000637908
61 0.00122307 0.00531807 0.000627805
62 0.00121673 0.00541987 0.000619215
63 0.0012131 0.00550646 0.000612078
64 0.00121222 0.00557427 0.000606392
65 0.00121423 0.00561913 0.000602239
66 0.00121937 0.00563681 0.000599821
67 0.00122792 0.00562358 0.00059945
68 0.00124011 0.00557671 0.000601486
69 0.00125592 0.00549485 0.00060625
70 0.00127499 0.00537886 0.000613926
71 0.00129656 0.00523246 0.000624444
72 0.00131942 0.00506234 0.000637395
73 0.001342 0.00487823 0.000651997
74 0.00136242 0.00469208 0.000667121
75 0.00137873 0.00451722 0.000681397
76 0.00138906 0.00436606 0.000693327
77 0.0013919 0.00424927 0.000701391
78 0.00138633 0.00417252 0.000704459
79 0.0013722 0.00413547 0.000701833
80 0.00135037 0.00413215 0.000693466
81 0.0013227 0.00415187 0.00068012
82 0.00129215 0.00418144 0.000663559
83 0.00126266 0.00420732 0.000646482
84 0.00123858 0.00421699 0.000632319
85 0.00122402 0.00419977 0.000624748
86 0.001222 0.00414705 0.000626862
87 0.00123354 0.00405307 0.0006402
88 0.00125734 0.00391516 0.000664154
89 0.00128993 0.00373436 0.00069607
90 0.0013264 0.00351636 0.000731943
91 0.00136126 0.0032728 0.000767266
92 0.00138926 0.0030229 0.000797705
93 0.00140592 0.00279451 0.00081953
94 0.00140782 0.00262302 0.000829602
95 0.00139303 0.00254388 0.000825612
96 0.00136164 0.00257832 0.000807401
97 0.00131534 0.002722 0.000775981
98 0.00125764 0.00294789 0.000734
99 0.00119391 0.00321975 0.000685882
100 0.00113115 0.00350454 0.000637942
101 0.00107755 0.00377686 0.000598103
102 0.00104121 0.00402011 0.00057454
103 0.0010282 0.00422515 0.000572996
104 0.00104067 0.00438885 0.000594133
105 0.00107607 0.00451255 0.000633281
106 0.00112835 0.00460074 0.000682905
107 0.00118994 0.00465953 0.000735346
108 0.00125364 0.00469557 0.0007843
109 0.0013136 0.00471508 0.000825201
110 0.00136568 0.00472303 0.000855114
111 0.00140746 0.00472269 0.000872533
112 0.00143806 0.0047148 0.00087721
113 0.00145789 0.00469956 0.000869739
114 0.00146856 0.00467503 0.000851716
115 0.00147282 0.00463717 0.000826409
116 0.00147368 0.00458137 0.000797609
117 0.00147412 0.00450338 0.000769525
118 0.0014767 0.00440021 0.000746309
119 0.00148324 0.00427113 0.000731399
120 0.00149453 0.00411867 0.00072683
121 0.0015104 0.00394885 0.000732783
122 0.00152974 0.00377319 0.000747654
123 0.00155083 0.00360841 0.000768539
124 0.00157163 0.00347379 0.000791978
125 0.00159012 0.0033884 0.000814678
126 0.00160478 0.00336585 0.000833961
127 0.00161457 0.00341022 0.000848004
128 0.00161906 0.00351457 0.00085587
129 0.0016184 0.00366368 0.000857462
130 0.00161325 0.00383886 0.000853416
131 0.00160467 0.00402258 0.000844939
132 0.00159395 0.00420027 0.000833607
133 0.00158238 0.00436275 0.00082114
134 0.00157121 0.00450439 0.000809201
135 0.00156154 0.00462277 0.000799095
136 0.00155409 0.00471783 0.000791614
137 0.00154935 0.00479083 0.000786941
138 0.00154444 0.00484818 0.00079532
139 0.00154061 0.00488705 0.00080893
140 0.00153918 0.00490624 0.000822515
141 0.00154025 0.00490583 0.000834519
142 0.00154388 0.00488547 0.000843863
143 0.00155019 0.00484465 0.000849959
144 0.00155917 0.00478311 0.000852664
145 0.00157073 0.00470099 0.000852156
146 0.00158446 0.00459949 0.000848865
147 0.00159978 0.00448123 0.000843328
148 0.00161586 0.00435026 0.000836127
149 0.00163167 0.0042123 0.000827784
150 0.00164605 0.00407432 0.000818696
151 0.00165783 0.00394407 0.000809097
152 0.00166589 0.00382931 0.000799119
153 0.00166913 0.00373689 0.000788817
154 0.00166671 0.00367182 0.000778135
155 0.00165808 0.00363606 0.000767031
156 0.00164302 0.00362854 0.000755511
157 0.00162163 0.00364515 0.000743681
158 0.00159426 0.00367955 0.000731753
159 0.00156154 0.00372449 0.00072004
160 0.0015243 0.00377288 0.000708931
161 0.00148363 0.00381846 0.000698847
162 0.00144067 0.00385663 0.000690192
163 0.00139661 0.00388441 0.000683293
164 0.00135262 0.0039004 0.000678575
165 0.00130981 0.00390452 0.000676026
166 0.0012689 0.00389764 0.000675115
167 0.00123088 0.00388132 0.000675457
168 0.00119643 0.00385765 0.000676649
169 0.001166 0.00382868 0.000678256
170 0.00113995 0.0037966 0.000679683
171 0.00111844 0.00376321 0.000680391
172 0.00110146 0.00372997 0.000679935
173 0.00108883 0.00369771 0.000677758
174 0.00108026 0.00366693 0.000673438
175 0.00107528 0.0036379 0.00066669
176 0.00107333 0.00361048 0.00065731
177 0.00107369 0.0035833 0.000645225
178 0.00107583 0.00355848 0.000630427
179 0.00107901 0.00353636 0.000612878
180 0.00108253 0.00351708 0.00059311
181 0.00108584 0.00350089 0.000571728
182 0.00108847 0.00348797 0.000549413
183 0.00109016 0.00347832 0.000526832
184 0.00109066 0.00347166 0.00050486
185 0.00108977 0.00346763 0.000484533
186 0.00108751 0.00346564 0.000466774
187 0.00108399 0.00346494 0.000452371
188 0.00107941 0.00346472 0.000441889
189 0.00107399 0.0034642 0.000435597
190 0.00106797 0.00346262 0.000433433
191 0.00106186 0.00345937 0.000435019
192 0.00105595 0.00345413 0.000439811
193 0.00105071 0.00344691 0.000447167
194 0.00104666 0.00343789 0.000456469
195 0.00104429 0.00342742 0.000467198
196 0.00104386 0.00341511 0.000478692
197 0.00104534 0.00340054 0.000490351
198 0.00104898 0.00338549 0.000502685
199 0.00105543 0.00337031 0.000515545
200 0.00106467 0.00335532 0.000528909
201 0.00107654 0.00334076 0.000542713
202 0.00109065 0.00332679 0.000556825
203 0.00110652 0.0033135 0.000571027
204 0.00112349 0.0033009 0.000585025
205 0.00114089 0.00328888 0.000598474
206 0.00115801 0.00327722 0.000611004
207 0.00117424 0.00326557 0.000622262
208 0.00118907 0.00325335 0.000631836
209 0.00120219 0.00323981 0.000639545
210 0.00121325 0.00322415 0.000645324
211 0.00122214 0.00320546 0.000649219
212 0.001229 0.00318273 0.000651373
213 0.00123419 0.00315486 0.000651972
214 0.00123797 0.00312076 0.000651394
215 0.00124047 0.00307949 0.000649655
216 0.00124241 0.00303058 0.000647642
217 0.0012441 0.0029738 0.000645897
218 0.0012459 0.00290929 0.000644748
219 0.00124811 0.00283756 0.000644324
220 0.00125082 0.00275955 0.000644791
221 0.00125405 0.00267661 0.000646138
222 0.00125768 0.00259046 0.000648234
223 0.00126153 0.00250311 0.000650876
224 0.00126531 0.00241679 0.000653819
225 0.00126875 0.00233377 0.000656798
226 0.00127156 0.00225626 0.000659561
227 0.0012735 0.00218621 0.000661879
228 0.00127438 0.00212514 0.000663568
229 0.00127399 0.00207387 0.000664583
230 0.00127233 0.0020327 0.000664792
231 0.00126964 0.00200153 0.000664078
232 0.00126612 0.00197963 0.000662478
233 0.00126219 0.00196576 0.000659769
234 0.00125795 0.00195866 0.000656347
235 0.00125375 0.00195703 0.000652365
236 0.00124993 0.00195971 0.000648024
237 0.00124684 0.00196582 0.000643524
238 0.00124476 0.00197472 0.000639091
239 0.00124396 0.00198605 0.000634961
240 0.00124466 0.00199961 0.000631368
241 0.001247 0.00201535 0.000628545
242 0.00125107 0.00203318 0.000626715
243 0.00125692 0.00205301 0.000626091
244 0.00126455 0.00207461 0.000626882
245 0.00127396 0.00209767 0.000629277
246 0.00128516 0.00212178 0.00063343
247 0.00129813 0.00214639 0.00063949
248 0.00131288 0.00217095 0.00064758
249 0.00132944 0.00219484 0.000657809
250 0.00134791 0.00221755 0.000670277
251 0.00136831 0.00223849 0.000685057
252 0.0013907 0.00225724 0.000702196
253 0.00141519 0.0022735 0.000721752
254 0.00144195 0.00228707 0.000743811
255 0.00147091 0.00229762 0.00076844
256 0.00150246 0.00230536 0.00079566
257 0.00153692 0.00231063 0.000825616
258 0.00157463 0.00231376 0.000858479
259 0.00161603 0.00231537 0.000894475
260 0.00166161 0.00231611 0.000933576
261 0.00171191 0.00230659 0.000959359
262 0.00176416 0.00229452 0.000984714
263 0.00181806 0.00228048 0.00100953
264 0.00187323 0.00226515 0.00103369
265 0.00192924 0.00224931 0.00105701
266 0.00198559 0.00223377 0.00107932
267 0.00204174 0.00221939 0.00110038
268 0.00209711 0.00220696 0.00111998
269 0.00215108 0.00219718 0.00113784
270 0.00220301 0.00219064 0.00115368
271 0.00225225 0.00218772 0.00116722
272 0.00229815 0.00218856 0.00117818
273 0.0023401 0.00219314 0.0011863
274 0.00237746 0.00220095 0.00119132
275 0.00240955 0.00221112 0.00119304
276 0.00243578 0.00222284 0.0011913
277 0.00245564 0.00223519 0.00118598
278 0.00246866 0.0022472 0.00117702
279 0.00247449 0.00225794 0.00116445
280 0.00247282 0.00226654 0.00114833
281 0.00246348 0.00227224 0.00112881
282 0.0024464 0.00227447 0.00110618
283 0.0024149 0.00226713 0.00107583
284 0.00237447 0.00225459 0.00104239
285 0.00232723 0.00223848 0.00100769
286 0.0022737 0.00221916 0.000972264
287 0.00221454 0.00219712 0.000936651
288 0.00215046 0.00217293 0.000901349
289 0.00208225 0.00214728 0.000866806
290 0.00201071 0.00212086 0.000833405
291 0.0019366 0.00209442 0.00080145
292 0.00186071 0.0020687 0.000771166
293 0.00178315 0.0020439 0.000741979
294 0.00170462 0.00202084 0.00071465
295 0.00162622 0.00200049 0.000689809
296 0.00154864 0.00198358 0.000667451
297 0.00147263 0.0019703 0.000647257
298 0.00139848 0.00196092 0.00062891
299 0.00132655 0.00195563 0.000612229
300 0.0012573 0.00195446 0.000596904
301 0.00119111 0.00195735 0.000582619
302 0.00112827 0.00196402 0.000569086
303 0.00106902 0.00197416 0.000556056
304 0.0010135 0.00198741 0.000543326
305 0.00096179 0.00200336 0.000530686
306 0.000913895 0.00202159 0.000518018
307 0.000869779 0.00204165 0.000505229
308 0.000829373 0.00206301 0.000492235
309 0.000792598 0.00208523 0.000479015
310 0.000759365 0.00210788 0.000465606
311 0.000729604 0.00213062 0.00045209
312 0.000703286 0.00215312 0.000438599
313 0.000680315 0.00217515 0.00042532
314 0.00066066 0.00219656 0.000412496
315 0.000644298 0.00221726 0.000400402
316 0.000631174 0.00223727 0.000389319
317 0.000621197 0.00225667 0.000379557
318 0.000614227 0.00227564 0.00037144
319 0.000610041 0.00229443 0.000365224
320 0.000608395 0.00231334 0.000361042
321 0.000608988 0.00233271 0.000358934
322 0.000611478 0.00235284 0.000358877
323 0.000615495 0.00237399 0.000360687
324 0.000620644 0.00239644 0.000364079
325 0.000626589 0.0024204 0.000368741
326 0.000633204 0.002446 0.00037437
327 0.000640325 0.00247324 0.000380618
328 0.000647843 0.00250208 0.000387171
329 0.000655677 0.0025323 0.000393744
330 0.000663783 0.00256366 0.000400088
331 0.000672204 0.00259582 0.000406048
332 0.000680989 0.00262843 0.000411506
333 0.0006902 0.00266114 0.00041639
334 0.000699895 0.00269357 0.000420672
335 0.000710121 0.00272537 0.000424358
336 0.000720894 0.00275629 0.000427496
337 0.000732222 0.00278601 0.000430124
338 0.000744034 0.00281427 0.000432296
339 0.000756301 0.00284086 0.000434088
340 0.000768939 0.00286561 0.000435575
341 0.000781824 0.00288834 0.000436827
342 0.000794846 0.00290892 0.000437903
343 0.000807806 0.00292717 0.000438855
344 0.000820473 0.00294296 0.000439727
345 0.000832627 0.00295618 0.000440538
346 0.000844037 0.00296675 0.000441289
347 0.000854454 0.00297459 0.000441982
348 0.000863586 0.00297967 0.000442591
349 0.000871199 0.00298203 0.000443082
350 0.000877076 0.00298173 0.000443413
351 0.000881022 0.00297892 0.000443536
352 0.000882849 0.00297379 0.000443408
353 0.000882398 0.00296654 0.000442989
354 0.000879607 0.0029574 0.000442219
355 0.000874465 0.0029466 0.000441075
356 0.000866958 0.00293436 0.000439525
357 0.00085715 0.00292091 0.000437552
358 0.000845158 0.00290636 0.000435148
359 0.000831155 0.00289082 0.000432321
360 0.000815377 0.00287433 0.000429084
361 0.0007981 0.00285688 0.000425475
362 0.000779633 0.0028384 0.000421534
363 0.000760376 0.00281885 0.000417352
364 0.000740696 0.00279812 0.000413045
365 0.000721009 0.00277611 0.000408607
366 0.000701727 0.00275276 0.000404107
367 0.000683257 0.00272807 0.000399614
368 0.000665975 0.00270207 0.000395201
369 0.00065021 0.00267485 0.000390958
370 0.000636266 0.00264652 0.000386933
371 0.000624415 0.0026172 0.000383316
372 0.000614802 0.00258703 0.000380175
373 0.000607398 0.00255612 0.000377345
374 0.000602204 0.00252458 0.000374908
375 0.000599146 0.00249251 0.000372943
376 0.000598123 0.00245998 0.000371501
377 0.000598952 0.00242701 0.000370634
378 0.000601393 0.00239364 0.000370405
379 0.000605254 0.00235986 0.000370757
380 0.000610346 0.0023257 0.000371646
381 0.000616492 0.00229116 0.000373002
382 0.000623534 0.00225631 0.000374732
383 0.000631341 0.00222118 0.00037673
384 0.000639782 0.00218589 0.000378893
385 0.000648765 0.00215048 0.000381099
386 0.000658217 0.00211505 0.000383228
387 0.000668058 0.00207972 0.000385187
388 0.000678216 0.00204457 0.00038689
389 0.000688621 0.00200968 0.00038824
390 0.000699192 0.00197511 0.000389181
391 0.000709892 0.00194095 0.000389661
392 0.000720578 0.00190722 0.000389692
393 0.000731142 0.00187398 0.000389294
394 0.000741508 0.00184132 0.000388527
395 0.000751601 0.00180933 0.00038746
396 0.000761367 0.00177812 0.000386189
397 0.000770766 0.00174789 0.000384856
398 0.000779779 0.00171883 0.000383637
399 0.000788412 0.00169122 0.00038274
400 0.000796731 0.00166539 0.0003824
401 0.000804782 0.00164162 0.000382872
402 0.000812668 0.00162027 0.000384418
403 0.000820528 0.00160164 0.000387287
404 0.000828532 0.00158603 0.000391711
405 0.000836875 0.0015737 0.000397892
406 0.000845772 0.00156484 0.000405973
407 0.000855454 0.00155957 0.000416039
408 0.000866154 0.00155796 0.000428106
409 0.000878095 0.00155998 0.000442123
410 0.00089148 0.00156553 0.000457978
411 0.00090648 0.00157443 0.000475504
412 0.000923222 0.00158648 0.000494505
413 0.000941784 0.00160137 0.000514736
414 0.000962187 0.00161876 0.000535936
415 0.000984395 0.00163832 0.000557827
416 0.00100831 0.00165967 0.000580152
417 0.00103378 0.00168246 0.000602653
418 0.00106061 0.00170631 0.000625076
419 0.00108857 0.00173088 0.000647185
420 0.00111739 0.00175583 0.000668761
421 0.00114678 0.00178085 0.000689604
422 0.00117647 0.00180565 0.000709538
423 0.00120617 0.00182998 0.000728414
424 0.00123562 0.00185362 0.000746105
425 0.00126455 0.00187637 0.000762515
426 0.00129276 0.00189807 0.000777572
427 0.00132014 0.00191798 0.000792119
428 0.00134642 0.00193615 0.000805715
429 0.00137138 0.0019529 0.000817572
430 0.00139493 0.00196817 0.00082774
431 0.00141702 0.00198194 0.000836292
432 0.00143763 0.00199423 0.000843306
433 0.00145676 0.00200508 0.000848895
434 0.00147444 0.0020146 0.000853173
435 0.00149073 0.00202291 0.000856261
436 0.00150574 0.00203017 0.000858284
437 0.00151955 0.00203654 0.000859369
438 0.00153232 0.00204218 0.000859642
439 0.00154417 0.00204725 0.000859227
440 0.00155526 0.00205191 0.000858247
441 0.00156575 0.00205627 0.000856817
442 0.00157579 0.00206045 0.00085505
443 0.00158554 0.00206454 0.000853054
444 0.00159514 0.0020686 0.00085093
445 0.00160472 0.00207269 0.000848773
446 0.0016144 0.00207686 0.000846674
447 0.00162428 0.00208115 0.000844717
448 0.00163447 0.00208562 0.000842975
449 0.00164503 0.00209032 0.000841525
450 0.00165604 0.00209535 0.000840435
451 0.00166756 0.0021008 0.00083977
452 0.00167964 0.00210681 0.000839589
453 0.00169233 0.00211353 0.000839947
454 0.00170567 0.00212113 0.000840898
455 0.00171971 0.00212981 0.000842494
456 0.0017345 0.0021398 0.000844786
457 0.00175009 0.00215131 0.000847828
458 0.00176654 0.00216459 0.00085167
459 0.00178392 0.00217985 0.000856368
460 0.00180232 0.00219734 0.000861978
461 0.00182182 0.00221727 0.000868559
462 0.00184253 0.00223984 0.000876174
463 0.00186461 0.00226522 0.000884881
464 0.00188817 0.00229358 0.000894763
465 0.0019128 0.00232792 0.000908381
466 0.00193138 0.00238751 0.000943943
467 0.0019491 0.00244544 0.000979045
468 0.00196565 0.0025001 0.00101207
469 0.00198076 0.00255022 0.00104194
470 0.00199417 0.00259482 0.00106792
471 0.00200562 0.00263318 0.00108959
472 0.00201484 0.00266484 0.00110671
473 0.00202162 0.00268952 0.00111919
474 0.00202572 0.00270715 0.00112706
475 0.00202699 0.00271783 0.00113046
476 0.00202531 0.00272177 0.00112956
477 0.00202059 0.00271928 0.00112462
478 0.00201284 0.00271077 0.00111591
479 0.00200207 0.00269668 0.00110375
480 0.00198836 0.0026775 0.00108845
481 0.00197183 0.00265375 0.00107037
482 0.00195262 0.00262596 0.00104986
483 0.00193091 0.00259468 0.00102728
484 0.00190705 0.0025606 0.00100388
485 0.00188087 0.00252394 0.000978495
486 0.00185263 0.00248516 0.000951428
487 0.00182256 0.00244474 0.000923074
488 0.00179087 0.00240317 0.000893856
489 0.00175745 0.00235878 0.000867102
490 0.00172261 0.00231397 0.000839798
491 0.00168663 0.00226932 0.000812138
492 0.00164976 0.00222518 0.000784575
493 0.00161227 0.00218192 0.000757496
494 0.00157445 0.00213988 0.000731225
495 0.00153623 0.00209925 0.000705789
496 0.00149804 0.00206034 0.00068152
497 0.00146018 0.00202332 0.00065855
498 0.00142294 0.00198833 0.00063693
499 0.00138657 0.00195542 0.000616651
500 0.00135128 0.0019246 0.000597657
501 0.00131719 0.00189583 0.000579866
502 0.00128437 0.001869 0.000563183
503 0.00125285 0.00184401 0.00054752
504 0.00122255 0.00182069 0.000532801
505 0.00119337 0.00179888 0.000518968
506 0.0011652 0.0017784 0.000505982
507 0.00113788 0.00175907 0.000493818
508 0.00111127 0.00174074 0.000482468
509 0.00108523 0.00172323 0.000471932
510 0.00105964 0.00170641 0.000462213
511 0.00103442 0.00169013 0.000453309
512 0.00100951 0.00167429 0.000445215
513 0.000984856 0.00165875 0.00043792
514 0.000960457 0.00164343 0.000431402
515 0.00093632 0.00162821 0.000425633
516 0.000912425 0.00161299 0.000420573
517 0.000888847 0.0015977 0.00041618
518 0.000865635 0.00158224 0.000412407
519 0.000842837 0.00156655 0.000409208
520 0.000820488 0.0015505 0.000406536
521 0.000798649 0.00153409 0.000404291
522 0.000777363 0.00151736 0.000402426
523 0.000756664 0.00150038 0.000400899
524 0.000736571 0.00148324 0.000399673
525 0.000717099 0.00146607 0.000398718
526 0.000698253 0.00144899 0.000398006
527 0.000677702 0.00143671 0.000402455
528 0.000658318 0.00142397 0.000407005
529 0.000640135 0.00141078 0.000411271
530 0.000623122 0.00139724 0.000415064
531 0.000607224 0.00138347 0.000418268
532 0.000592364 0.00136956 0.000420811
533 0.000578454 0.00135557 0.000422653
534 0.000565395 0.00134152 0.000423779
535 0.000553088 0.0013274 0.000424189
536 0.000541441 0.00131317 0.000423897
537 0.000530369 0.00129877 0.000422928
538 0.000519795 0.00128415 0.000421317
539 0.000509658 0.00126921 0.000419107
540 0.000499904 0.00125391 0.000416349
541 0.000490458 0.00123813 0.000413136
542 0.000481316 0.00122186 0.000409494
543 0.000472457 0.00120506 0.00040548
544 0.000463862 0.00118771 0.000401161
545 0.000455517 0.00116982 0.000396608
546 0.000447417 0.00115142 0.000391883
547 0.000439558 0.00113253 0.00038705
548 0.000431937 0.00111323 0.000382165
549 0.000424552 0.0010936 0.000377286
550 0.000417405 0.00107375 0.000372459
551 0.000410504 0.0010538 0.000367733
552 0.000403863 0.0010339 0.00036315
553 0.000397511 0.00101418 0.000358754
554 0.00039149 0.000994762 0.000354595
555 0.000385861 0.000975781 0.000350719
556 0.000380702 0.000957329 0.000347177
557 0.000376111 0.000939478 0.000344026
558 0.000372194 0.000922277 0.000341325
559 0.000369074 0.000905758 0.000339137
560 0.00036687 0.000889935 0.00033751
561 0.000365691 0.000874832 0.000336498
562 0.000365631 0.000860483 0.000336137
563 0.000366756 0.000846938 0.000336444
564 0.000369104 0.000834272 0.00033742
565 0.000372675 0.000822584 0.000339044
566 0.000377444 0.000811986 0.00034128
567 0.000383358 0.000802597 0.000344077
568 0.000390352 0.000794522 0.000347378
569 0.00039835 0.000787839 0.000351119
570 0.000407276 0.000782585 0.00035524
571 0.000417056 0.000778738 0.000359686
572 0.000427628 0.000776227 0.000364409
573 0.000438936 0.000774925 0.000369371
574 0.000450932 0.00077467 0.000374541
575 0.000463576 0.000775276 0.000379899
576 0.000476829 0.000776558 0.000385429
577 0.000490657 0.000778347 0.000391118
578 0.000505021 0.000780513 0.000396959
579 0.000519883 0.000782968 0.000402942
580 0.000535203 0.00078568 0.00040906
581 0.000550941 0.000788666 0.000415307
582 0.000567059 0.000791994 0.000421677
583 0.00058352 0.000795766 0.000428169
584 0.000600296 0.000800109 0.000434784
585 0.000617361 0.000805161 0.000441528
586 0.000634701 0.000811055 0.000448412
587 0.000652305 0.000817909 0.000455451
588 0.000670173 0.000825822 0.000462667
589 0.000688316 0.00083486 0.000470084
590 0.000706753 0.000845059 0.000477736
591 0.00072551 0.000856427 0.000485657
592 0.00074462 0.00086895 0.000493886
593 0.000764124 0.0008826 0.000502464
594 0.000784072 0.000897344 0.000511439
595 0.000804524 0.000913151 0.000520862
596 0.000825551 0.000930004 0.000530793
597 0.000847236 0.000947907 0.000541299
598 0.000869678 0.000966888 0.000552457
599 0.000892992 0.000987011 0.000564357
600 0.000917314 0.00100837 0.000577102
601 0.000942801 0.0010311 0.000590813
602 0.000969638 0.00105537 0.000605628
603 0.000998039 0.00108139 0.000621707
604 0.00102825 0.00110941 0.000639236
605 0.00106057 0.00113972 0.000658428
606 0.00109533 0.00117264 0.000679534
607 0.00113292 0.00120858 0.000702846
608 0.00117381 0.00124797 0.000728707
609 0.00121856 0.00129132 0.00075753
610 0.0012678 0.00133924 0.000789809
611 0.00132171 0.00138044 0.000815112
612 0.00137652 0.00140787 0.000827576
613 0.00142987 0.00143322 0.000838135
614 0.00148112 0.0014563 0.000846713
615 0.00152966 0.00147694 0.000853319
616 0.00157495 0.00149489 0.00085794
617 0.00161651 0.00150988 0.000860573
618 0.00165392 0.00152162 0.000861224
619 0.00168678 0.00152987 0.000859909
620 0.00171478 0.00153439 0.000856644
621 0.00173762 0.00153502 0.000851456
622 0.00175509 0.00153168 0.000844376
623 0.00176702 0.00152435 0.000835449
624 0.00177332 0.00151312 0.000824734
625 0.00177399 0.00149815 0.000812313
626 0.00176908 0.0014797 0.000798291
627 0.00175877 0.00145809 0.000782804
628 0.00174331 0.00143372 0.000766016
629 0.00172304 0.00140702 0.000748118
630 0.00169837 0.00137847 0.00072933
631 0.00166658 0.0013457 0.000707429
632 0.00162938 0.00131025 0.000683681
633 0.00158971 0.00127481 0.000660311
634 0.00154816 0.00123985 0.000637578
635 0.00150536 0.0012058 0.000615704
636 0.00146188 0.00117301 0.000594887
637 0.00141826 0.00114177 0.000575285
638 0.00137499 0.00111231 0.000557024
639 0.00133247 0.00108482 0.000540187
640 0.00129105 0.00105945 0.000524828
641 0.00125098 0.00103629 0.000510967
642 0.00121247 0.00101543 0.000498598
643 0.00117566 0.000996916 0.000487698
644 0.0011402 0.000980495 0.000477672
645 0.00110586 0.000966065 0.000468461
646 0.00107318 0.000953988 0.000460912
647 0.00104223 0.000944269 0.000455021
648 0.00101314 0.000936843 0.000450613
649 0.000985794 0.000931571 0.000447622
650 0.000960241 0.000928315 0.000445917
651 0.000936587 0.000926902 0.000445311
652 0.000914936 0.000927134 0.000445611
653 0.000895376 0.0009288 0.000446628
654 0.000877978 0.000931684 0.000448192
655 0.000862787 0.000935578 0.000450157
656 0.000849815 0.00094029 0.000452404
657 0.000839044 0.00094565 0.000454843
658 0.000830422 0.000951516 0.000457412
659 0.00082387 0.000957772 0.000460073
660 0.000819286 0.000964333 0.000462812
661 0.000816551 0.000971141 0.000465633
662 0.000815542 0.000978167 0.000468561
663 0.000816129 0.000985403 0.000471627
664 0.000818194 0.000992864 0.000474872
665 0.000821606 0.00100057 0.000478348
666 0.00082623 0.00100857 0.000482113
667 0.000832045 0.00101692 0.000486243
668 0.000839014 0.00102571 0.000490818
669 0.000847123 0.00103501 0.000495925
670 0.000856386 0.00104493 0.000501662
671 0.000866846 0.00105558 0.000508135
672 0.000878572 0.00106707 0.000515462
673 0.000891663 0.00107955 0.000523771
674 0.000906251 0.00109318 0.000533208
675 0.000922501 0.00110815 0.000543933
676 0.000940613 0.00112468 0.000556129
677 0.000960831 0.00114301 0.000570003
678 0.000983446 0.00116345 0.000585794
679 0.0010088 0.00118635 0.000603782
680 0.0010373 0.00121213 0.000624292
681 0.00106944 0.00124128 0.000647716
682 0.00110572 0.00127244 0.000672531
683 0.00114387 0.00128249 0.000675868
684 0.00117948 0.00129053 0.000677108
685 0.00121203 0.00129657 0.000676342
686 0.0012411 0.00130058 0.000673665
687 0.00126632 0.00130247 0.000669182
688 0.00128742 0.00130216 0.000662998
689 0.00130417 0.00129954 0.000655226
690 0.00131641 0.00129455 0.000645975
691 0.00132406 0.00128712 0.000635353
692 0.00132707 0.00127723 0.000623467
693 0.00132541 0.00126489 0.000610421
694 0.00131915 0.00125018 0.000596318
695 0.00130834 0.0012332 0.000581265
696 0.00129313 0.0012141 0.000565373
697 0.00127367 0.00119305 0.000548762
698 0.00125018 0.00117025 0.000531566
699 0.00122291 0.00114597 0.000513903
700 0.00119214 0.0011204 0.000495955
701 0.00115819 0.00109379 0.00047789
702 0.00112139 0.00106643 0.000459823
703 0.0010821 0.00103855 0.000441983
704 0.0010407 0.00101043 0.000424564
705 0.000997572 0.000982316 0.000407747
706 0.000953078 0.000954474 0.000391708
707 0.000907586 0.000927158 0.000376605
708 0.000861445 0.000900614 0.000362574
709 0.000814989 0.000875073 0.000349729
710 0.000768532 0.000850748 0.000338151
711 0.000722371 0.000827822 0.000327891
712 0.000676782 0.000806445 0.000318966
713 0.000632029 0.000786731 0.000311359
714 0.000588361 0.000768756 0.000305025
715 0.00054602 0.000752554 0.000299893
716 0.000505244 0.000738129 0.00029587
717 0.000466272 0.000725453 0.000292849
718 0.000429352 0.000714485 0.000290718
719 0.000394742 0.000705172 0.00028936
720 0.000362719 0.000697463 0.000288663
721 0.000333576 0.00069131 0.000288521
722 0.000307322 0.000686384 0.000288686
723 0.000284675 0.000683038 0.000289318
724 0.000265931 0.00068125 0.00029032
725 0.000251281 0.000680938 0.0002916
726 0.000240796 0.000682012 0.000293087
727 0.000234381 0.000684353 0.00029473
728 0.000231753 0.000687803 0.000296493
729 0.000232467 0.000692161 0.000298349
730 0.000235974 0.000697185 0.000300283
731 0.000241693 0.000702593 0.000302285
732 0.000249071 0.000708081 0.000304348
733 0.000257617 0.000713333 0.000306468
734 0.000266925 0.000718037 0.000308638
735 0.000276665 0.000721907 0.000310853
736 0.000286582 0.000724697 0.000313103
737 0.000296478 0.000726212 0.000315376
738 0.000306213 0.000726323 0.000317661
739 0.000315847 0.00072491 0.000320096
740 0.000325142 0.000722066 0.000322491
741 0.000334046 0.000717874 0.000324815
742 0.000342519 0.000712478 0.000327032
743 0.000350551 0.000706064 0.000329125
744 0.000358134 0.000698857 0.000331071
745 0.000365274 0.000691101 0.000332846
746 0.000371982 0.000683041 0.000334429
747 0.000378274 0.000674904 0.000335806
748 0.000384174 0.000666892 0.000336961
749 0.000389706 0.000659166 0.000337885
750 0.000394897 0.000651847 0.000338572
751 0.000399772 0.000645008 0.000339018
752 0.000404355 0.000638689 0.000339223
753 0.000408668 0.000632895 0.00033919
754 0.00041273 0.000627608 0.000338925
755 0.000416553 0.000622798 0.000338437
756 0.00042015 0.000618425 0.000337736
757 0.00042353 0.000614446 0.000336836
758 0.0004267 0.000610819 0.000335754
759 0.000429664 0.000607496 0.000334507
760 0.000432431 0.000604428 0.000333114
761 0.000435006 0.000601556 0.000331598
762 0.000437398 0.000598818 0.000329981
763 0.000439617 0.00059614 0.000328284
764 0.000441673 0.000593445 0.000326528
765 0.000443579 0.000590653 0.000324733
766 0.000445348 0.000587689 0.000322915
767 0.000446992 0.000584488 0.000321087
768 0.000448525 0.000580998 0.000319258
769 0.000449957 0.000577191 0.000317434
770 0.000451301 0.000573057 0.000315613
771 0.000452567 0.000568608 0.000313795
772 0.000453766 0.000563874 0.000311973
773 0.000454909 0.000558898 0.00031014
774 0.000456007 0.000553732 0.000308289
775 0.000457073 0.000548429 0.000306414
776 0.00045812 0.000543041 0.000304513
777 0.000459163 0.000537608 0.000302585
778 0.000460216 0.000532164 0.000300633
779 0.000461293 0.000526735 0.000298665
780 0.000462405 0.000521345 0.000296689
781 0.000463564 0.000516015 0.000294722
782 0.000464776 0.000510773 0.000292778
783 0.000466042 0.000505658 0.000290877
784 0.000467362 0.000500717 0.000289038
785 0.000468729 0.000496013 0.000287279
786 0.000470131 0.000491615 0.000285619
787 0.000471557 0.000487601 0.000284077
788 0.000472991 0.000484041 0.00028267
789 0.000474416 0.000481 0.000281414
790 0.000475816 0.000478525 0.000280325
791 0.000477177 0.00047664 0.000279415
792 0.000478487 0.000475346 0.000278699
793 0.000479736 0.000474619 0.000278188
794 0.000480918 0.000474417 0.000277889
795 0.000482031 0.000474679 0.00027781
796 0.000483075 0.000475339 0.000277951
797 0.000484055 0.000476331 0.000278312
798 0.000484976 0.000477593 0.000278885
799 0.000485848 0.000479076 0.00027966
800 0.00048668 0.000480743 0.000280619
801 0.000487486 0.000482571 0.000281741
802 0.00048828 0.000484548 0.000283002
803 0.000489075 0.000486673 0.000284375
804 0.000489889 0.000488949 0.00028583
805 0.000490737 0.00049138 0.000287336
806 0.000491635 0.000493968 0.000288863
807 0.0004926 0.000496712 0.000290383
808 0.000493647 0.000499602 0.000291868
809 0.00049479 0.000502625 0.000293293
810 0.000496039 0.00050576 0.000294636
811 0.000497405 0.000508985 0.000295879
812 0.000498892 0.000512274 0.000297005
813 0.000500503 0.000515601 0.000298002
814 0.000502235 0.000518942 0.000298861
815 0.000504082 0.000522274 0.000299576
816 0.000506035 0.000525577 0.000300142
817 0.000508079 0.000528831 0.000300557
818 0.000510197 0.000532022 0.000300823
819 0.000512369 0.000535133 0.000300941
820 0.000514572 0.000538149 0.000300917
821 0.000516784 0.000541058 0.000300753
822 0.000518979 0.000543843 0.000300458
823 0.000521132 0.000546493 0.000300039
824 0.00052322 0.000548994 0.000299501
825 0.000525219 0.000551335 0.000298855
826 0.000527109 0.000553507 0.000298106
827 0.000528869 0.000555504 0.000297264
828 0.000530483 0.000557322 0.000296336
829 0.000531939 0.000558961 0.000295329
830 0.000533223 0.000560423 0.00029425
831 0.00053433 0.000561713 0.000293106
832 0.000535255 0.000562839 0.000291904
833 0.000535995 0.000563811 0.00029065
834 0.000536553 0.000564639 0.00028935
835 0.000536932 0.000565333 0.000288011
836 0.00053714 0.000565905 0.000286639
837 0.000537184 0.000566366 0.000285241
838 0.000537076 0.000566725 0.000283823
839 0.000536827 0.000566994 0.000282393
840 0.000536452 0.000567183 0.00028096
841 0.000535965 0.000567304 0.000279531
842 0.00053538 0.000567369 0.000278117
843 0.000534714 0.000567391 0.000276727
844 0.000533983 0.000567385 0.000275372
845 0.000533203 0.000567368 0.000274063
846 0.000532391 0.000567324 0.000272788
847 0.000531564 0.000567282 0.000271577
848 0.00053074 0.000567271 0.000270449
849 0.000529939 0.00056732 0.000269419
850 0.000529182 0.000567458 0.000268502
851 0.000528491 0.000567719 0.00026771
852 0.000527889 0.000568139 0.000267046
853 0.000527392 0.000568744 0.000266538
854 0.000527025 0.000569565 0.000266201
855 0.000526814 0.000570639 0.000266049
856 0.000526775 0.000572108 0.000266173
857 0.000525901 0.000581454 0.000272111
858 0.000525795 0.000590968 0.00027873
859 0.000526455 0.000600584 0.00028579
860 0.000527872 0.000610293 0.000293118
861 0.000530025 0.000620109 0.000300585
862 0.000532878 0.000630053 0.000308095
863 0.000536388 0.00064014 0.000315573
864 0.000540501 0.000650368 0.000322959
865 0.000545163 0.000660714 0.000330206
866 0.000550319 0.000671134 0.000337274
867 0.000555914 0.000681565 0.00034413
868 0.000561896 0.000691933 0.000350746
869 0.000568215 0.000702153 0.000357097
870 0.00057482 0.000712144 0.000363163
871 0.000581663 0.000721823 0.000368925
872 0.000588694 0.000731123 0.000374366
873 0.000595861 0.000739981 0.000379472
874 0.000603109 0.000748351 0.000384229
875 0.000610385 0.000756197 0.000388623
876 0.000617632 0.000763487 0.000392637
877 0.000624789 0.000770207 0.00039626
878 0.000631796 0.000776344 0.00039948
879 0.000638591 0.000781883 0.000402286
880 0.000645116 0.000786809 0.000404667
881 0.000651312 0.000791105 0.000406614
882 0.000657124 0.000794745 0.000408117
883 0.000662497 0.000797703 0.000409168
884 0.000667381 0.000799946 0.000409761
885 0.000671728 0.000801438 0.000409889
886 0.000675494 0.000802142 0.000409547
887 0.000678639 0.000802025 0.000408735
888 0.000681125 0.000801054 0.000407449
889 0.000682919 0.000799205 0.00040569
890 0.00068399 0.000796458 0.000403461
891 0.000684313 0.000792806 0.000400766
892 0.000683866 0.000788246 0.00039761
893 0.000682631 0.000782787 0.000394003
894 0.000680594 0.000776444 0.000389953
895 0.000677744 0.000769235 0.000385475
896 0.000674076 0.000761186 0.000380582
897 0.000669586 0.000752325 0.000375292
898 0.000664278 0.000742682 0.000369626
899 0.000658158 0.000732287 0.000363603
900 0.000651236 0.000721172 0.000357249
901 0.000643527 0.000709369 0.000350589
902 0.000635051 0.000696912 0.000343652
903 0.000625829 0.000683836 0.000336465
904 0.000615887 0.000670178 0.00032906
905 0.000605256 0.000655981 0.000321469
906 0.000593967 0.00064129 0.000313724
907 0.000582058 0.000626155 0.000305859
908 0.000569566 0.000610631 0.000297907
909 0.000556533 0.000594778 0.000289903
910 0.000543005 0.000578656 0.00028188
911 0.000529027 0.000562332 0.000273872
912 0.000514651 0.000545872 0.000265913
913 0.000499927 0.000529344 0.000258038
914 0.000484968 0.000512858 0.000250396
915 0.00046987 0.000496505 0.000243088
916 0.000454578 0.000480253 0.000235809
917 0.00043917 0.000464162 0.000228592
918 0.000423713 0.000448294 0.000221488
919 0.000408261 0.000432719 0.000214558
920 0.000392864 0.000417512 0.000207867
921 0.000377566 0.000402754 0.000201478
922 0.000362409 0.000388527 0.000195451
923 0.000347435 0.000374913 0.000189837
924 0.000332691 0.000361994 0.000184675
925 0.000318231 0.00034984 0.000179996
926 0.000304097 0.000338511 0.000175816
927 0.000290345 0.000328049 0.000172139
928 0.000277036 0.000318481 0.000168962
929 0.000264232 0.000309812 0.000166272
930 0.000251995 0.000302026 0.000164049
931 0.000240387 0.000295089 0.000162268
932 0.000229468 0.00028895 0.000160901
933 0.000219293 0.000283543 0.000159919
934 0.000209911 0.000278797 0.000159291
935 0.000201363 0.000274636 0.000158985
936 0.000193649 0.000270983 0.000158971
937 0.000186748 0.000267763 0.000159216
938 0.000180747 0.000264931 0.000159685
939 0.000175653 0.00026244 0.000160348
940 0.000171457 0.000260254 0.000161175
941 0.000168146 0.000258343 0.000162138
942 0.000165694 0.000256684 0.000163207
943 0.000164069 0.000255256 0.000164353
944 0.000163229 0.00025404 0.000165551
945 0.000163128 0.000253011 0.000166776
946 0.00016371 0.000252142 0.000168008
947 0.000164918 0.000251401 0.000169227
948 0.000166689 0.000250754 0.000170419
949 0.000168957 0.000250163 0.000171569
950 0.000171656 0.000249594 0.000172668
951 0.000174718 0.000249014 0.000173705
952 0.000178077 0.000248401 0.000174674
953 0.00018167 0.000247738 0.000175568
954 0.000185434 0.000247022 0.00017638
955 0.000189313 0.000246259 0.000177104
956 0.000193251 0.000245463 0.000177736
957 0.0001972 0.000244656 0.000178271
958 0.000201116 0.000243865 0.000178704
959 0.00020496 0.000243115 0.000179034
960 0.000208698 0.000242429 0.000179258
961 0.000212303 0.000241823 0.000179377
962 0.000215752 0.000241307 0.000179394
963 0.000219027 0.00024088 0.000179312
964 0.000222115 0.000240533 0.00017914
965 0.000225006 0.000240252 0.000178886
966 0.000227693 0.000240016 0.00017856
967 0.000230173 0.000239804 0.000178175
968 0.000232445 0.000239595 0.000177742
969 0.000234511 0.000239371 0.000177274
970 0.000236371 0.000239119 0.000176784
971 0.000238029 0.000238828 0.000176284
972 0.000239488 0.000238493 0.000175784
973 0.000240752 0.000238114 0.000175294
974 0.000241826 0.000237691 0.00017482
975 0.000242715 0.000237227 0.000174369
976 0.000243428 0.000236725 0.000173944
977 0.000243969 0.000236185 0.000173547
978 0.000244348 0.00023561 0.000173178
979 0.000244572 0.000234998 0.000172834
980 0.000244651 0.000234347 0.000172513
981 0.000244593 0.000233657 0.000172209
982 0.000244423 0.000232928 0.000171914
983 0.000244133 0.000232158 0.000171624
984 0.000243735 0.000231348 0.000171331
985 0.000243241 0.000230501 0.000171025
986 0.000242666 0.000229623 0.000170696
987 0.00024202 0.000228718 0.000170337
988 0.000241315 0.000227793 0.00016994
989 0.000240564 0.000226852 0.000169498
990 0.000239778 0.000225901 0.000169006
991 0.000238968 0.000224944 0.00016846
992 0.000238144 0.000223982 0.000167858
993 0.000237314 0.000223017 0.0001672
994 0.000236487 0.000222048 0.000166486
995 0.000235668 0.000221076 0.000165717
996 0.000234862 0.000220098 0.000164896
997 0.000234072 0.000219114 0.000164028
998 0.000233301 0.000218124 0.000163116
999 0.000232548 0.000217128 0.000162165
1000 0.000231812 0.000216129 0.00016118
1001 0.000231091 0.000215129 0.000160168
1002 0.00023038 0.000214131 0.000159133
1003 0.000229674 0.000213137 0.000158082
1004 0.000228966 0.000212153 0.000157021
1005 0.000228235 0.000211169 0.000155935
1006 0.000227436 0.000210163 0.00015479
1007 0.000226611 0.000209185 0.000153693
1008 0.000225751 0.000208245 0.000152656
1009 0.000224849 0.000207346 0.000151681
1010 0.000223902 0.000206491 0.000150767
1011 0.000222911 0.000205682 0.000149909
1012 0.00022188 0.000204914 0.000149099
1013 0.000220811 0.000204186 0.00014833
1014 0.000219711 0.000203489 0.000147593
1015 0.000218582 0.000202819 0.000146878
1016 0.000217429 0.000202166 0.00014618
1017 0.000216254 0.000201523 0.000145492
1018 0.00021506 0.000200881 0.000144807
1019 0.000213845 0.000200231 0.000144124
1020 0.000212611 0.000199565 0.000143436
1021 0.000211356 0.000198875 0.000142742
1022 0.000210079 0.000198154 0.000142039
1023 0.000208778 0.000197394 0.000141323
1024 0.000207452 0.000196589 0.000140592
1025 0.000206098 0.000195735 0.000139844
1026 0.000204716 0.000194826 0.000139073
1027 0.000203304 0.000193859 0.000138277
1028 0.000201862 0.000192831 0.000137453
1029 0.000200389 0.000191741 0.000136596
1030 0.000198884 0.000190588 0.000135702
1031 0.000197346 0.000189371 0.00013477
1032 0.000195776 0.000188089 0.000133796
1033 0.00019417 0.000186742 0.000132778
1034 0.00019253 0.000185329 0.000131715
1035 0.000190851 0.000183849 0.000130608
1036 0.000189133 0.0001823 0.000129456
1037 0.000187372 0.000180681 0.000128261
1038 0.000185565 0.000178988 0.000127026
1039 0.000183709 0.000177221 0.000125755
1040 0.000181804 0.000175378 0.00012445
1041 0.000179844 0.000173457 0.000123118
1042 0.000177828 0.000171457 0.000121761
1043 0.000175753 0.000169379 0.000120386
1044 0.000173618 0.000167223 0.000118997
1045 0.00017142 0.000164991 0.000117598
1046 0.000169158 0.000162686 0.000116194
1047 0.000166834 0.00016031 0.000114789
1048 0.000164447 0.000157869 0.000113386
1049 0.000162001 0.000155367 0.000111989
1050 0.000159497 0.000152807 0.0001106
1051 0.000156941 0.000150197 0.000109221
1052 0.000154337 0.00014754 0.000107854
1053 0.000151691 0.000144841 0.0001065
1054 0.00014901 0.000142106 0.000105161
1055 0.000146303 0.000139338 0.000103838
1056 0.000143576 0.000136545 0.000102532
1057 0.000140838 0.000133729 0.000101244
1058 0.000138098 0.000130898 9.99746e-05
1059 0.000135364 0.000128058 9.87255e-05
1060 0.000132646 0.000125215 9.74981e-05
1061 0.000129952 0.000122376 9.62941e-05
1062 0.000127289 0.00011955 9.51151e-05
1063 0.000124666 0.000116744 9.39635e-05
1064 0.00012209 0.000113967 9.28412e-05
1065 0.000119569 0.000111227 9.17509e-05
1066 0.000117108 0.000108532 9.06949e-05
1067 0.000114714 0.00010589 8.96756e-05
1068 0.000112392 0.00010331 8.86955e-05
1069 0.000110147 0.000100796 8.77567e-05
1070 0.000107983 9.83573e-05 8.68613e-05
1071 0.000105905 9.59981e-05 8.60108e-05
1072 0.000103914 9.37237e-05 8.52065e-05
1073 0.000102015 9.15385e-05 8.44492e-05
1074 0.000100208 8.94459e-05 8.37392e-05
1075 9.84956e-05 8.74484e-05 8.30762e-05
